0:0,15574260,15579000,15601740,15631200,15667800,15721680,15754440,15808440,15833340,15837840,15861180,15891180,15920040,15924180,15947100,15976920,16007040,16010640,16034100,16063260,16093380,16097580,16120380,16150980
1:0,15576300,15581160,15605520,15635700,15668940,15721320,15755280,15775020,15778980,15781800,15794520,15807780,15835380,15840600,15864420,15893700,15921900,15926460,15951600,15981420,16008360,16012620,16038060,16067940,16094520,16099260,16125000,16153080
2:0,15578520,15631500,15667800,15718140,15755040,15778740,15780780,15804660,15836460,15891240,15922560,15979860,16009080,16037760,16042380,16063440,16095420,16102500,16108920,16150500
3:0,15573540,15576900,15607800,15630120,15668400,15684060,15699780,15721260,15754500,15775380,15789360,15808260,15833820,15836100,15867000,15890580,15920160,15922800,15952260,15975720,16005900,16008420,16038240,16062840,16093140,16094700,16124940,16133400,16138380,16149720
4:0,15576780,15579600,15610020,15633000,15668820,15679980,15684300,15721080,15755580,15807240,15836280,15838620,15868860,15891600,15922740,15925140,15956040,15965280,15970440,15979020,16011360,16065960,16095000,16097940,16128660,16151700
5:0,15574440,15578460,15606540,15631740,15670380,15721680,15758340,15807960,15834120,15837420,15867480,15890460,15921720,15923580,15926700,15949320,15953580,15964200,15966300,15979800,16007460,16009320,16013580,16037820,16039020,16063080,16064400,16066980,16093740,16096380,16102500,16152600
6:0,15576480,15579300,15580920,15605700,15610440,15618300,15622980,15634800,15669540,15721200,15755400,15807660,15832800,15835440,15835920,15837840,15866340,15877560,15879780,15890160,15919680,15921540,15921660,15925200,15952920,15977160,16006020,16008660,16008780,16011120,16039860,16064760,16091820,16094100,16095180,16097880,16125480,16150680
7:0,15574860,15581100,15604200,15634560,15670200,15722040,15756720,15808620,15834000,15839940,15864180,15892500,15920520,15927060,15949920,15978840,16006680,16012800,16036620,16065600,16093380,16099140,16124280,16152960
8:0,15575820,15577800,15577920,15635040,15666540,15721020,15752340,15776940,15779640,15807780,15835740,15837480,15839040,15840660,15868320,15893700,15921720,15924060,15924960,15926700,15955020,15981780,16007760,16010280,16011420,16014060,16040160,16066980,16094460,16096920,16097340,16100460,16127580,16153620
9:0,15578340,15581700,15583440,15634200,15671280,15721800,15757740,15807660,15835800,15840780,15865620,15893520,15923100,15980700,16009620,16014300,16015380,16067580,16094820,16099860,16126560,16153500
