0:0,15573840,15579540,15604320,15631200,15665580,15720180,15751920,15806820,15833100,15839580,15861960,15891420,15919620,15923340,15924180,15978480,16006620,16011240,16035180,16063140,16092120,16098360,16122180,16149420
1:0,15578520,15635040,15669120,15687120,15698280,15720960,15756360,15779460,15793380,15807600,15835500,15840120,15865380,15891900,15921540,15927420,15950700,15977100,16008120,16013460,16037580,16052340,16056900,16064280,16094460,16100400,16124220,16150200
2:0,15574800,15631560,15666000,15692280,15693120,15717960,15751260,15778800,15782340,15804240,15835140,15891360,15920700,15977460,16007220,16064220,16092840,16149960
3:0,15577380,15580200,15611700,15633240,15670500,15675540,15685440,15721980,15756780,15774840,15778980,15808680,15836820,15839520,15871380,15892440,15922620,15925320,15956760,15979320,16009680,16011780,16043280,16051140,16055520,16065600,16095480,16097940,16129680,16151820
4:0,15578700,15581340,15609840,15623700,15628800,15634740,15672540,15719580,15756900,15770520,15775860,15806700,15837480,15840360,15870660,15893820,15924480,15927000,15956040,15980100,16010160,16013220,16043160,16067220,16100700,16151700
5:0,15575760,15578880,15581460,15635220,15671880,15721680,15757980,15807840,15835440,15838440,15840300,15895260,15919440,15924840,15953760,15976920,16005840,16011780,16039260,16064160,16093980,16097940,16098840,16153800
6:0,15575400,15582180,15609720,15636660,15669600,15721080,15754860,15776400,15781980,15808560,15834240,15837840,15838620,15841680,15868200,15895140,15920760,15923760,15924960,15928260,15954180,15982380,16010760,16015320,16041420,16068900,16093980,16097640,16098840,16154220
7:0,15577440,15580980,15582780,15623760,15624180,15633480,15670380,15719940,15755100,15806880,15836640,15840720,15865140,15892200,15923220,15926700,15950580,15978000,16010220,16013160,16036800,16064520,16096020,16099620,16122840,16151760
8:0,15575160,15577860,15579420,15581100,15608040,15635880,15669960,15721380,15754980,15808020,15834300,15836280,15838140,15840420,15868620,15894540,15920820,15922920,15924780,15927600,15953820,15981360,16006560,16010160,16011180,16013760,16040640,16067820,16093500,16096440,16097340,16100220,16127520,16142520,16142880,16153020
9:0,15574080,15577080,15578760,15634860,15669540,15721620,15757140,15808260,15833400,15836100,15838380,15840660,15862440,15893760,15920220,15922380,15923820,15927000,15947760,15980460,16006380,16008840,16010760,16014480,16035240,16067160,16092300,16095540,16097040,16153500
