typedef int[-8388608, 8388607] Int24_t;
typedef int[0, 8388607] UInt24_t;
typedef int[-2147483648, 2147483647] Int32_t;
typedef int[0, 2147483647] UInt32_t;
typedef int[-128, 127] Int8_t;
typedef int[0, 127] UInt8_t;
typedef int[0, 65535] UInt_t;
UInt32_t square(Int24_t a) {return a*a;}
Int32_t abs(Int32_t a) {return a < 0 ? -a : a;}
clock time;
hybrid clock cost;
UInt_t intTime;
Int24_t HouseDynamicCosts;
Int24_t HouseBatteryCosts;
broadcast chan step;
broadcast chan batteryStep;
broadcast chan evStep;
broadcast chan tsStep;
Int8_t chargingState;
const UInt_t reductionFactor = 180;
const UInt_t num_entries = 4800;
const UInt_t end_time = num_entries;
const int maxNumTimeShiftables = 1;
const int longestIntervalList = 38;
const int longestConsumption = 5;
const int numHouses = 3;

typedef int[0, maxNumTimeShiftables-1] timeShiftable_t;
typedef int[0, numHouses-1] house_t;
typedef int[0, longestIntervalList-1] interval_t;
typedef int[0, num_entries-1] entries_t;
const int longestInterval = 300;
broadcast chan batteryStartSwitch;
broadcast chan batteryStopSwitch;
			   
Int32_t batteryFillLimit[house_t] = {-2147480000,-2147480000,-2147480000};
Int24_t batteryFillValue[house_t];
UInt32_t SoC[house_t] = {0,0,0};

Int24_t latestCost;

broadcast chan tsStartChan[house_t][timeShiftable_t];
						   
Int32_t fillLimits[house_t] = {-2147480000,-2147480000,-2147480000};

UInt32_t fillValues[house_t];
UInt32_t charges[house_t];
int[0, longestIntervalList] evIntervals[house_t];

house_t order[house_t];
						   
int[-1, end_time] tsStartTimes[house_t][timeShiftable_t] = {{-1},{-1},{-1}};

typedef struct {
	int start;
	int end;
} Interval_t;

typedef struct {
	int length;
	Interval_t intervalList[longestIntervalList];
} IntervalList_t;

typedef struct {
	int length;
	int data[longestConsumption];
} ConsumptionProfile_t;

typedef struct {
	ConsumptionProfile_t consumption;
	IntervalList_t data;
} TimeShiftable_t;

typedef struct {
	UInt32_t maximumChargeRate;
	UInt32_t capacity;
	UInt32_t initialSoc;
} Battery_t;

typedef struct {
	UInt32_t maximumChargeRate;
	UInt32_t capacity;
	UInt32_t requiredCharge[longestIntervalList];
	Int32_t maxTsCosts[longestIntervalList];
	IntervalList_t intervals;
} ElectricalVehicle_t;

typedef struct {
	int timeShiftableLength;
	TimeShiftable_t timeShiftables[maxNumTimeShiftables];
	Battery_t battery;
	ElectricalVehicle_t ev;
} House_t;

const int HouseBases[num_entries] = {10260,9549,7243,5127,6758,6825,6799,5300,7235,6619,5756,6649,7215,5958,5392,7740,6905,5265,5756,8163,6463,5148,6677,7415,3527,3145,4875,11968,9419,4785,3545,383,-7800,-6372,-6960,-8939,-16751,-15824,-17004,-17697,-1443,-378,-2100,-1185,-7996,-7614,-7799,-7569,-14483,-15497,-14074,-14899,-14055,-15184,-14496,-13927,-3791,-3372,-3742,-1933,-3261,-3330,-4101,-704,5567,3741,4328,16749,25435,20533,19740,10111,7044,8087,7959,8972,26666,19744,13962,8741,13401,14095,17362,20987,13713,16239,17928,21825,25723,22522,14177,11340,9386,6047,5886,6291,8035,5504,5681,7067,7220,5817,5758,7184,6664,6044,6216,6879,6254,6513,6613,6368,5959,6854,6698,6274,6036,6434,7190,6268,4094,4351,5640,4457,-1004,-688,380,-618,-13488,-12489,-8089,-11305,-14095,-14549,-16313,-14655,-16795,-16492,-17836,-18312,-23590,-26594,-26266,-26352,-29933,-32070,-32583,-30599,-14548,-7931,-15301,-9049,-21688,-21096,-3962,-6812,-4586,-5295,10458,-8599,-8026,-7132,-6296,-7292,-5707,149,4600,-4448,2284,11096,2467,2573,6792,6594,5671,6601,9371,9701,14677,9297,10637,12898,14819,18784,22703,23168,22491,19932,14303,7362,5515,6454,6531,6893,5500,7329,6553,5528,6793,7158,6306,4989,7554,7287,5541,5452,7615,7177,5058,6619,7201,6170,5768,7224,6623,5295,5382,5803,4259,3710,706,390,-1659,-673,-12401,-11918,-10510,-8713,-8080,-8998,-8649,-7373,-5073,-6452,-4396,-5419,-18791,-18550,-18063,-17335,-27443,-25727,-22452,-19646,-7696,-7994,-7055,-7415,-8575,-7910,-10698,-10725,-2043,-2164,-2261,-2398,-4161,-3872,-2785,-3062,-7280,-5830,-5456,12701,21526,17816,11570,16383,29417,30637,10581,10464,20690,17447,13794,12886,14272,16107,21156,22496,25343,25395,24994,26125,15435,6469,6553,7538,5877,5824,7090,6188,6614,6122,7183,5642,6635,6799,6396,6025,6256,7506,5998,6102,5948,7455,6420,5899,6485,6690,6857,5802,5748,5992,11162,7233,2091,-99,-653,3799,-10988,-12793,-12782,-11652,-15304,-17080,-16925,-14853,-27360,-28098,-28150,-26196,-31716,-32108,-31040,-31430,-31945,-32395,-30133,-30817,-36746,-35394,-35776,-37010,-33661,-30684,-32971,-32027,-25948,-24644,-25422,-26534,-16774,-15800,-15210,-15441,-6013,-5967,-6274,-4566,10864,2030,12869,12538,18347,8633,5052,4717,10875,10086,9865,10626,11447,11407,14895,25300,23725,18806,17089,14979,8661,5980,7275,6435,5888,6041,7756,6240,5265,6606,7777,5999,5148,7597,6719,5838,6105,7439,5942,5912,7374,6557,5403,6178,8079,6125,4996,7151,6798,4587,6632,13275,7921,3269,2278,74,-14022,-13594,-13247,-13203,-24507,-22195,-22758,-23360,-30809,-29867,-28714,-31168,-33872,-34637,-33249,-34690,-34765,-34616,-35074,-33731,-30625,-29097,-30306,-29006,-23906,-23465,-22169,-22902,-7117,-8167,-8008,-7281,2120,3228,1529,2471,11184,19998,12187,10838,14429,18141,9822,10246,10609,16837,35526,24443,10370,10727,19080,21231,12039,12456,14776,15301,24234,20444,17356,10515,5890,6996,6199,6308,6359,7393,5518,6197,7209,6700,5679,6106,7438,6286,6168,5854,7255,6508,6245,6251,6382,6979,5988,6682,6136,6664,6352,6644,5911,5213,10012,11331,2943,1957,4791,3366,-8319,-7771,-6937,-6419,-8989,-8808,-7079,-8954,-16570,-16796,-16214,-17738,-4282,-2676,-5142,-4666,-3376,34,-4494,-4266,-5661,-6383,-7191,-7457,1414,-266,891,2390,-1189,399,7861,25528,7799,1736,9150,3057,1401,1427,2445,2152,60497,53617,33464,13101,7375,7486,8608,9657,15595,14693,15489,14871,16377,15456,16049,24572,26416,26005,20462,9803,5414,8018,6398,5541,6302,7229,6713,5058,7539,6281,6394,5969,7464,5958,5519,7668,6643,5679,5300,8705,6101,5196,6677,7453,6252,5224,7586,6331,5100,5429,7257,11266,6086,4554,1767,-1281,-8268,-7106,-8174,-9513,-17022,-16603,-17945,-17676,-19579,-18657,-19880,-18906,-18662,-18848,-18071,-18777,-29844,-31636,-27881,-30518,-32934,-33273,-33687,-32156,-14067,-13526,-14399,-12095,4644,1764,2922,5749,12406,27167,7174,5950,7176,7315,7911,12102,51555,77067,47057,11036,9360,49402,45916,31831,18645,17318,16687,13498,14269,15716,23532,27983,28697,23995,16613,14059,8019,5546,6095,6835,7452,5403,6172,6840,6887,6096,5829,7335,6064,6703,6157,6548,6265,6612,6834,5936,6450,6202,7215,6268,5827,6557,7096,6589,4810,5900,8592,14050,3882,4128,2859,-474,-4559,-3650,-4945,-4286,-14024,-12998,-15312,-14292,-28323,-30321,-30635,-30451,-25350,-28780,-28112,-27068,-25845,-26491,-27139,-24515,-26979,-25321,-25505,-25303,-29122,-28540,-26570,-28082,-22796,-22295,-19441,-19687,-7220,-5778,-6153,-6303,-2159,-1670,22043,27559,37688,26802,20120,6248,8621,8180,7960,9437,24229,13777,13685,19168,15035,17120,22490,22010,26281,24785,16596,7628,6987,6703,5614,7025,6519,6166,6169,7558,5892,5403,7322,7105,5955,4996,8295,6539,5472,6163,7312,6670,5157,7680,6209,5933,6292,7573,5987,5058,7519,6113,5040,5156,5907,5152,3432,5123,3264,3261,3306,11282,5469,4470,6030,6326,6958,6845,8836,8575,6170,7211,6512,6734,5338,6022,6259,7342,10360,9353,7941,7268,13444,6677,7343,7518,8504,9205,8625,7744,7710,8872,8178,7162,27081,22736,18910,7144,10121,17670,26437,22467,21813,10480,9737,10165,11686,14194,17122,17645,11338,13787,17684,23585,24390,23529,23995,23765,8255,6238,6634,6799,6114,6315,7031,5588,7217,6119,6852,5611,6818,6978,5964,6516,5604,8023,5782,6313,6029,6956,7047,5346,6834,6376,7096,5528,6262,6361,5420,6356,5599,5276,4641,6071,5422,5116,12912,9909,11445,8091,7403,9233,7494,7408,8188,8479,5308,5184,7214,4716,6138,6856,11298,5194,3191,5729,3463,3191,3117,5109,2173,2197,1786,1194,1360,951,2431,2197,3016,3346,8463,7559,8301,10405,24057,26579,26628,12586,10718,23092,30261,29986,32080,12959,12821,19327,14008,17693,22753,25678,26759,25444,25701,24580,17736,7206,7684,5978,5679,6374,7983,5749,5196,7597,6757,6028,5649,7826,5890,5937,7166,6447,5817,5946,8311,5711,5334,7071,7425,5886,5212,7668,4361,3081,4930,11058,7442,1965,3007,3230,1427,3043,2599,2386,-2921,-912,-1077,-2479,-8483,-8556,-7098,-9311,-30621,-31114,-30596,-30571,-34246,-32967,-34161,-32612,-31592,-30666,-31085,-31055,-30189,-28829,-30342,-30447,-20448,-22957,-23329,-22486,-12120,5674,5767,5142,16257,9870,-1149,549,7530,50331,50581,35212,48298,36077,29825,12514,14226,19015,16689,27228,14478,21187,23316,24956,27462,23809,22587,12852,6549,6937,5698,6559,6743,7004,5341,6520,7206,6311,6168,5757,7631,6022,6659,5795,6756,7009,5812,6682,5950,7302,5672,7031,6340,5867,7021,6452,6092,4443,6967,10374,9864,3670,2455,2230,-10023,-9312,-8453,-9276,-16125,-15629,-14675,-16845,-21203,-20467,-21993,-22387,-23696,-22569,-25536,-24465,-18541,-18827,-20393,-19967,-25373,-27209,-26957,-26489,-15205,-16263,-15335,-14067,-12248,-12002,-8783,-10543,4511,7870,8320,7946,8502,9250,9643,29654,24923,12043,22240,47179,37946,21897,7682,9183,10866,10305,12515,13172,12135,12540,19813,25412,23872,22796,21036,11833,6166,7909,6075,5472,7083,6560,6670,5414,7920,5544,6157,6988,6823,5817,5282,8897,5651,5610,6221,7926,6028,5127,7738,6293,6351,5790,7515,5849,5324,6931,8239,17230,2775,6704,1407,498,-10663,-10204,-11470,-11847,-21283,-21007,-21926,-21370,-29391,-29129,-28998,-29240,-36678,-37642,-36533,-37120,-34920,-36129,-35575,-34802,-9857,-9962,-10808,-8595,-20073,-20250,-19549,-18357,-19703,-21157,-19254,-17724,-3506,-4452,-806,23441,5187,14032,12617,11468,3408,4160,2584,3300,14944,10543,10810,9975,18368,14369,20063,13595,15467,20547,22142,26523,28503,22835,16371,16003,7564,5369,6586,6608,7119,5682,6243,6879,6330,6893,5701,7004,6075,6802,6378,6047,6726,6039,7447,5854,6241,6325,7052,6727,5198,6890,7196,6296,4026,5529,9347,11644,7113,7002,4176,3185,2130,2539,411,299,-7268,-8442,-9626,-8431,-18321,-21450,-20959,-19873,-19117,-21081,-20302,-17354,-27707,-27027,-26941,-26179,-36718,-35000,-34348,-35792,-23616,-22794,-21038,-22559,-20222,-19487,-18570,-18078,-4168,-3509,-4495,-3354,-3176,13011,6687,8287,8420,7563,6549,8398,9320,7471,8084,8330,14577,14015,13243,13439,16851,26472,27429,27796,27752,23243,18484,15697,6906,6114,6138,7406,5782,5929,6978,7337,5541,5334,8215,6281,5886,5707,7936,6256,5403,7224,6251,6571,5612,8029,5573,5696,7521,6682,5886,5339,6422,4349,5430,9069,11380,8179,5154,6069,4894,3971,3835,3779,-3002,-3392,-2261,-2722,-23011,-22510,-21971,-21993,-8089,-7523,-7248,-6872,-28296,-28744,-27615,-27595,-3987,-4488,-3298,-3769,-2424,-2354,-2056,-2599,-16067,-14923,-16096,-12069,-6799,-5036,-5996,-6504,-1908,-1904,-3121,-3702,14432,21588,14632,2236,28019,28143,26268,8621,12077,12614,18128,21673,15154,18373,22011,28135,28449,24465,17390,13505,10698,7067,6575,6130,6911,6111,6852,5425,7456,6298,6351,6240,6021,7647,5672,6727,5573,7636,6409,5684,6530,6566,7286,5072,7183,6412,6523,6141,5941,5990,4709,6603,523,-633,-731,1602,-4183,-5879,2526,4918,-5856,-6533,-4840,-3511,-6162,-5263,-3809,-6435,-2899,-424,22187,11427,3871,5107,9004,2030,765,2585,277,-1225,2695,2927,5887,5089,6570,2710,3418,3402,2449,1328,2822,2998,-4236,-4700,4609,16224,62496,37132,22877,3489,9580,9056,9290,8926,11793,9966,16507,14658,14916,20549,24399,25275,23609,24297,24449,20305,14412,7008,8063,5411,5610,7197,7174,5804,5552,7978,5852,6127,6710,6765,5791,6106,8087,5525,5748,6839,7588,5610,5405,7684,6741,5817,5848,7457,5862,5415,6480,5924,-25,435,903,-68,-7277,-5529,-2084,-3777,-19104,-20041,-19845,-20683,-21927,-21188,-19956,-21042,-20365,-19956,-20098,-19867,-19517,-18633,-19432,-18632,-9346,-9010,-10770,-10864,-18262,-19498,-20993,-15392,16429,11060,-3659,-2251,-2471,-3354,-4457,-2952,7400,16121,7686,-3350,18786,19396,19917,3558,8142,8228,10674,8235,11279,16991,12842,18210,12175,24644,26347,26140,26775,26461,24146,21006,14467,6548,5452,7020,6707,6655,5754,6171,7399,5978,6797,5553,7284,6503,6170,6226,6199,7526,5351,7183,6078,6505,6341,6770,6659,5196,7466,6748,5358,4414,7494,13912,8756,9145,6361,4746,-6353,-5423,-5339,-6533,-11831,-10601,-11679,-12887,-23687,-23822,-25737,-25536,-28775,-29137,-31349,-30011,-15970,-16978,-17932,-16673,-7624,-9121,-7798,-7856,-21119,-21272,-18583,-16713,-14333,-12651,-11347,-10049,6771,549,3374,11280,-1902,1468,-1416,1842,19405,34194,30895,12772,9012,9133,8449,9191,12158,16584,16446,12177,17312,24079,23757,24354,27187,26493,20869,12402,7605,7240,6032,5828,7464,5586,6795,6308,7279,5403,5920,8217,5762,5886,5890,8550,5390,5541,7282,6697,6265,5548,7819,5623,6450,6851,6624,5748,5632,7025,7159,8980,3853,6060,1774,216,-11443,-11184,-11971,-12061,-21324,-21501,-21237,-21824,-29123,-29563,-29100,-29223,-33639,-34096,-33960,-33309,-35149,-36068,-36002,-34435,-25793,-26616,-26629,-24769,-23508,-23836,-23567,-21348,-19743,-20210,-17173,-15497,12067,7949,-130,-7528,-3067,-598,6655,-11,23331,18093,9275,4443,8398,8283,8603,7874,15194,11580,12297,19897,14496,13607,16328,29373,25391,19775,13568,11107,6743,5572,6657,6591,6786,6311,6039,6700,6265,6992,5922,6503,6536,6341,6879,5896,6655,6093,7284,6313,5612,6658,7139,6516,4989,7335,7212,5835,5232,6393,6366,10199,5129,1931,510,5,-11203,-12462,-13758,-12090,-20142,-22371,-22750,-20890,-27821,-30047,-29383,-27815,-33849,-34487,-33334,-33235,-37969,-34484,-36182,-36878,-37167,-35209,-34771,-36811,-30455,-31739,-30669,-32735,-22172,-22388,-22362,-21382,3521,27839,11729,15573,-1772,-2673,-2917,11183,25237,14844,10063,1218,6614,5157,5616,8403,18038,15099,13126,14245,15692,16156,18018,27803,30057,22979,18073,13872,9240,6015,6802,7337,5355,5748,7983,6444,5610,5900,8008,5922,5817,6768,6707,6381,5726,7725,5539,6334,6841,7138,5472,5809,7994,6027,5955,5906,7093,5479,6433,9126,4119,6056,4353,4650,-2111,-2109,-2536,-2137,-9658,-9369,-8452,-9284,-19960,-20264,-19060,-19381,-21868,-22067,-21128,-20768,-19765,-19380,-18646,-18707,-26073,-27980,-27142,-28331,-17302,-16231,-16435,-16954,-1134,241,-2162,-187,11501,12534,12595,12284,18006,32241,55766,45827,27323,16466,15009,15350,12551,12779,13458,14532,21629,21982,22269,16241,17859,23542,29072,28952,27250,24281,16058,12011,6349,6525,6396,5786,7568,5977,6503,5978,6659,6967,5990,6589,5789,7636,6055,6098,6074,7177,6786,5265,7031,6526,6825,5573,7132,6311,6006,6810,5799,5091,4864,18218,6957,6018,5930,6174,4234,2191,4269,3979,3568,3008,5187,3606,3373,4743,4514,3141,1809,3953,2377,1023,1354,2756,702,256,1714,1921,336,1243,2943,2655,3009,3991,5557,6676,6386,6195,8448,7114,9364,10615,8380,20396,31857,19587,29285,20657,18651,10302,10964,28864,23911,18667,11859,10443,21313,11344,15059,20443,23764,25394,23370,21418,13640,8662,5886,7034,7462,5334,5966,7522,6256,6041,6468,7069,5677,6296,7631,5774,5748,6966,7516,5348,5819,7452,6835,5679,5896,7457,6365,6070,6489,6776,5548,6029,6376,5447,363,968,1373,-79,-5151,-1558,-2414,-909,-14193,-13095,-11982,-12032,-29446,-28375,-26760,-29870,-26081,-27255,-27355,-27358,-33673,-29995,-29246,-26054,-28275,-28459,-31237,-31673,-22770,-27347,-26911,-26634,-16533,-18734,-786,-3237,-16563,-15980,-16647,-11807,23550,13528,-3422,-4734,1887,1956,4534,1449,7916,9190,9734,8109,10832,12627,11325,11582,14466,22197,25047,25894,26458,23792,23160,22112,17812,7127,5796,6641,7111,6210,6383,5967,7052,6390,6446,5839,6767,7224,5541,6727,6258,6867,5875,7074,6321,5778,7010,6829,6168,5127,7939,6764,5034,5080,6979,6112,2466,4162,4060,3690,-13441,-10533,-6207,-7323,-17182,-17163,-18443,-19092,-23571,-23138,-24201,-23505,-26940,-27948,-29548,-27377,-24403,-30848,-24843,-30179,-30131,-31437,-29301,-30284,-28618,-28242,-26983,-28034,-25308,-25065,-25583,-25610,-18918,-18912,-17782,-14792,-8821,-8379,-7515,-7335,877,14253,267,1335,8867,10629,33320,26580,19489,14954,20707,27390,37070,21713,25059,29715,30925,29302,27688,26522,16481,6266,6269,6534,6975,5369,6558,7537,6218,5472,6528,7926,5376,5955,6826,7377,5627,5962,7363,5958,6502,6464,7080,5334,6885,6960,6123,5887,5695,7084,5462,7643,10177,11709,5013,4612,-11783,-12434,-11942,-13175,-21590,-22430,-21669,-22232,-24795,-24652,-25162,-24116,-33175,-33625,-33792,-32183,-25528,-26997,-24098,-24884,-31029,-31775,-31236,-29896,-20374,-20462,-19203,-18695,-16310,-16393,-13907,-15118,-15146,-12689,-9533,-14632,-6563,-3132,-6576,-5955,3439,4451,19334,24243,23107,12853,11357,10590,13635,15876,18410,14437,18222,17983,20043,28138,26124,22693,19116,13064,9212,6125,6453,6244,6876,6492,6115,6351,6650,6531,6423,6352,6297,6599,6756,6279,6026,6426,7371,6102,5403,6991,7366,6025,5421,7494,6523,5864,4788,5775,8539,10893,11435,8328,5843,5183,6414,4107,3348,5978,4669,3195,3101,5374,3020,1837,3463,3148,-2141,-1918,-730,-1826,-1839,295,99,-1117,674,2457,2416,435,476,830,2216,1077,3487,3771,3153,11600,28872,9015,7517,9403,7319,6883,33434,26954,29099,8116,8168,6199,10317,8341,6237,7506,14926,12128,12464,13703,18744,20414,25040,27138,26321,24528,17592,11861,8924,5916,7886,6428,5348,6314,7776,6016,5679,6816,6931,6083,6028,7269,5926,6282,6810,6986,5362,6447,7370,6427,5541,6244,7823,5763,6306,6127,5539,4563,5698,11587,4710,5320,8727,5809,-240,679,273,232,386,-581,1690,51,-829,-1898,-99,-229,-17607,-16676,-16528,-15725,-4843,-3821,-3232,-4294,3011,3488,3344,2067,930,1464,-464,-108,1605,2285,2009,863,20314,19834,21161,3542,11532,11759,14163,-2704,23929,23586,12701,5361,16302,5983,8724,10375,12987,13321,21100,15799,19103,20388,23211,29908,28183,24832,19575,16486,11914,6391,6047,6158,7021,6501,6294,6251,6427,6956,6304,6098,5977,7553,6300,5679,6575,7068,6463,5621,7132,6181,6588,6130,7191,5820,5769,7829,4672,4257,5354,14988,5206,4501,3822,3624,2065,677,3768,1485,-6848,-6516,-6079,-7080,-21973,-19365,-21587,-22113,-22068,-20435,-22324,-23321,-17075,-17514,-18719,-18458,-23157,-23263,-24085,-23061,-16019,-16855,-14576,-14772,-14592,-15500,-13246,-13025,-6765,-9296,-8620,8158,11679,1467,-3355,-1975,6444,5642,4945,2745,24461,51884,39707,11908,12780,12900,13209,26649,15940,20683,25168,26258,22640,21694,17276,10486,6612,7178,6824,5403,6882,6613,6012,6348,7244,6230,5502,7380,6892,5528,5957,7434,6915,5341,6310,7225,6502,5958,6392,6928,6020,6729,6430,6275,5759,6158,12875,12355,10078,7265,5340,4115,-11025,-10068,-10437,-10283,-23167,-21348,-21540,-22323,-29745,-29461,-28592,-30148,-33427,-33628,-34222,-33741,-35432,-35020,-37199,-35338,-30643,-32168,-32602,-31702,-21939,-24648,-22800,-21621,319,380,3093,5024,8780,10439,30580,22620,11631,12629,14510,11802,13573,14376,33983,22865,20855,26439,32372,32133,21625,17704,12788,15092,22629,27300,26771,27841,26332,22079,17487,12325,11597,5850,6349,6381,6820,6622,6032,6253,6535,7042,5955,6271,6714,6677,6065,6618,6432,6278,6399,7285,5754,5541,7707,6720,5817,5483,8152,6195,5205,6031,6690,6183,2993,5763,3608,3993,-10177,-7090,-9901,-8250,-14528,-16730,-17142,-16530,-20449,-14381,180,-18994,-27485,-27629,-28950,-27902,-23714,-21885,-22779,-19061,-23139,-22914,-14654,-21783,-21717,-20466,-20618,-11775,-10924,-12006,-11522,-12096,-3767,-2398,-3747,-4738,4589,17419,34391,25208,5589,7088,6068,6349,9100,9558,9280,10104,19545,13607,18743,15903,13894,16188,25433,26609,27561,26869,24474,23381,11689,5812,6450,7506,6066,5362,7166,7246,5832,5541,7276,7185,5369,6376,6907,6638,5864,6878,6624,5544,7299,6336,6579,5473,7068,7139,5622,6516,5788,7538,5204,6181,4037,4530,4532,3143,-8911,-9557,639,-6210,-14196,-14302,-14685,-13139,-20817,-20551,-21299,-21290,-24256,-25539,-24688,-23436,-29219,-30611,-29229,-28328,-6815,-7024,-6503,-7063,3388,-231,941,-1196,-12478,-11117,-11289,-13258,-6051,-3378,-6436,-6486,1471,3079,524,1239,10202,28529,40756,17377,14181,11609,13210,13511,26311,15202,16146,23551,18772,21857,28429,31201,29582,28864,27307,23895,12525,6118,6529,5895,7192,6169,6471,6352,6335,6845,6244,6666,5750,6843,6995,5992,5817,6759,7598,5611,5759,7190,6713,6054,5922,7553,5864,5963,6959,5556,6492,13811,8474,9928,8890,8221,-9328,-10659,-11416,-8244,-20641,-21388,-20408,-20087,-26844,-27449,-25491,-27229,-33908,-32644,-32471,-33712,-36308,-34052,-34955,-36036,-32225,-33457,-33307,-34819,-18788,-18690,-18786,-17834,-18519,-15512,-16549,-13937,-8368,9286,13363,3809,376,-726,-480,-646,8598,7142,30214,27675,50547,54638,40886,26770,18642,18089,14342,23457,23730,28706,29514,28964,24910,22805,21598,13214,10418,6778,7758,6096,5341,7230,6699,6108,6028,7172,6134,6188,7000,6530,5680,6533,7194,6427,5355,6770,7479,5926,6030,6320,7336,5754,6797,6068,6205,6854,6614,12771,7379,12643,7115,5659,-10348,-10923,-10098,-11239,-21010,-22949,-20014,-21462,-29568,-29507,-28568,-27992,-33891,-31970,-32251,-32261,-12999,-11662,-11848,-13281,-27595,-27489,-28730,-29244,-25077,-25314,-26996,-25667,-20435,-20884,-21270,-18436,-12054,-12444,-11036,11135,13413,-2398,-1390,12820,40505,35066,14262,13738,45373,32217,17295,8929,10345,11084,17983,12418,12708,21976,26508,26319,25141,21164,13201,11672,11497,6747,5838,6362,6927,6345,6760,5684,6615,6985,6368,5817,6333,7596,5901,6035,6676,6654,6420,5977,7343,5558,6407,7149,6550,5679,5957,8378,5210,5463,8094,18300,6613,7096,9784,6506,-6755,-7707,-6358,-8229,-19851,-18333,-20061,-20139,-28150,-26053,-28588,-28757,-32550,-32379,-33604,-33989,-30246,-28998,-31440,-31062,-30548,-31107,-30746,-30440,-9531,-9679,-7653,-7735,1262,953,1897,4113,9594,10850,11519,12874,13293,34603,26763,20064,11428,27965,43084,24176,12389,12389,15330,15139,21786,16882,20590,17864,25797,32010,29802,29532,27341,25197,21634,14643,12006,6785,6692,5710,7658,5774,5768,7570,6436,5984,5543,8072,6235,5452,6586,7062,6734,5544,6806,6528,6368,6643,6188,6579,6125,6828,6651,5774,6430,6332,7681,11159,5974,9591,12950,7456,-12835,-11040,-11586,-11937,-19686,-18559,-18129,-19664,-26754,-26913,-26759,-27484,-31893,-32239,-33666,-32223,-26536,-27389,-28693,-26657,-17166,-19482,-19281,-17604,-10577,-12254,-10161,-9377,-6357,-5306,-3848,-3389,-10105,-7996,6102,13196,8347,41930,25872,10733,2034,2731,1346,611,36804,21538,5755,6787,14459,17214,30871,16873,20496,25096,27372,27609,27815,23067,19303,13827,7125,6246,5922,6667,6303,7274,5541,6609,6578,6643,6311,6162,6888,6088,6589,6829,5796,6179,7139,7064,5403,5897,7920,6082,5886,6049,7775,6006,5346,7302,7321,17950,6226,8039,4459,3696,-3288,-5171,-5832,-6103,-12333,-15314,-15321,-14365,-29458,-30451,-31074,-29378,-34955,-34317,-34589,-33804,-38440,-38017,-36975,-37838,-37233,-36796,-35528,-36858,-33406,-33130,-32092,-32651,-20758,-18472,-19882,-18491,8806,14351,18815,12591,15951,8253,7917,7621,11101,11532,8233,58895,54100,47827,8582,9022,17821,12951,13298,23436,19245,23313,26059,27123,26312,24101,18866,10146,5610,5680,7252,7070,5832,5355,7914,6505,5756,6100,7100,6710,5530,7292,6168,6224,6661,6674,6275,5439,7706,6459,6078,6102,6696,7128,5516,6865,5617,7134,5874,5537,4613,4146,4984,3224,-10635,-10332,-9049,-4543,-16917,-18733,-19702,-17206,-26349,-26830,-26601,-24822,-28907,-30828,-29267,-28561,-27145,-27460,-23565,-23987,-29131,-22798,-23700,-29237,-22214,-11674,-2320,-17820,-3294,-971,-3343,-4182,5182,12144,3791,3125,19269,18887,15758,2883,4242,3003,4153,4519,24030,49836,47516,20708,14972,16643,11197,22086,19941,23676,24789,25759,24986,24772,24727,20276,13845,5607,6885,5896,6808,6621,6147,6818,5600,7369,6315,6310,5679,7031,7374,5425,6173,6902,7100,5610,6115,7401,5978,6153,6983,6492,5765,6557,7305,4994,5511,6849,4878,3147,3218,5744,-8737,-7985,-4624,-4318,-13574,-15799,-13172,-14338,-18209,-17370,-16080,-18166,-18209,-16599,-17314,-18213,-14562,-13024,-12171,-13535,-19084,-22281,-22402,-23011,5358,-4247,-4793,-4906,3635,2147,2017,2527,6446,6168,5301,6895,10908,8145,16686,40529,67613,63680,51827,16406,14064,13566,14614,16356,14825,21857,18219,29393,42219,26010,31276,28526,28994,28390,29180,25534,9796,7506,6536,6340,5614,7586,5902,6200,7082,6288,5984,6419,7384,5971,5604,6994,7158,6078,5768,6734,7104,5848,6659,6116,6819,6405,6308,6499,5641,7215,8882,12451,11122,8159,7678,6497,-1090,-3325,-920,-2490,-2454,-3263,-1188,-1930,-1947,-896,-567,-205,-7694,-5221,-6277,-6658,-985,-2088,-3164,-4173,-20346,-21621,-22779,-22868,-26226,-27952,-28236,-24346,-11283,-12082,-12415,-9141,6294,10759,7568,8213,7709,43830,36192,19079,27186,17017,18188,6987,8914,10496,10911,9741,12361,16322,12882,18047,19052,26281,25819,26592,26239,25747,15590,15278,12181,7199,6304,5726,7253,6305,6824,5403,6803,7308,5788,6311,6289,7334,5782,6391,6887,5850,6657,6683,6854,5341,6595,7698,5744,5748,6565,7917,5078,5409,8729,14719,7560,8347,7029,3854,-10802,-11081,-11874,-12615,-17083,-15779,-18048,-17693,-22207,-21516,-23499,-23076,-24805,-25063,-25505,-25773,-22877,-24082,-23341,-23681,-7479,-7710,-7255,-6873,-15902,-15658,-15700,-13031,696,119,1040,5055,11632,24872,24874,22355,13957,13679,14311,21391,50731,59710,33990,16017,13222,13196,13764,11880,18842,15334,15522,18402,21674,29423,26661,26709,25605,22697,17610,9499,8072,5318,6448,6932,6774,5680,5733,8374,5667,5908,6172,7700,6054,5586,7220,6296,6656,6173,6602,6123,6460,6880,6264,6230,6510,6792,6472,5878,5647,6666,6364,6124,9211,6923,9806,3858,-2038,-692,-452,-1759,1725,2385,2337,1350,-28383,-28915,-29756,-29076,-30018,-31310,-32145,-30230,-24595,-26163,-26832,-23655,-32344,-33981,-33070,-30016,-21169,-20151,-19233,-19803,-18444,-16696,-15007,-15303,-4394,-1289,-851,3582,3948,38841,31624,23549,33495,25764,7085,20142,10807,9877,9626,14046,13426,13330,26492,20834,26477,26342,27933,27178,27670,25453,21842,16893,6575,7050,5355,7023,6346,6806,6035,6355,6736,6202,6779,6373,6252,5989,7253,6760,5369,6367,7632,6314,5472,6463,7543,5824,5955,7041,6546,6243,5952,7118,5653,12883,8105,8349,9454,4694,-4968,-8082,-7983,-7407,-18220,-20303,-19950,-19124,-22467,-22414,-22783,-21637,-21542,-20219,-20495,-20360,-22461,-19614,-20786,-22190,-21022,-21616,-19571,-21256,-6820,-6884,-6317,-5927,-1958,-773,-798,2983,-1107,6209,381,-561,4538,8347,3888,3249,10726,11022,8746,9769,11456,45156,40418,40822,13427,15694,19675,16269,21820,26941,26961,28455,23959,22257,16492,12382,8636,5604,8138,6184,5908,5838,7682,6254,5680,7154,6216,6448,6251,7088,5819,6050,7318,6540,5926,5992,7334,6448,5972,6451,6464,6947,6069,6236,6002,6918,8363,10275,8114,6603,4910,2426,-9551,-10327,-10244,-9529,-17838,-18204,-18494,-16310,-25346,-25839,-25078,-23507,-28116,-29127,-26506,-27596,-30906,-31219,-29416,-31146,-38523,-37186,-37987,-38811,-27691,-25042,-27606,-28224,1020,4065,226,594,1319,-1350,15542,12271,6112,-790,-848,597,4146,1988,3396,3305,14811,25797,18912,11225,7958,18759,8501,10107,12370,23059,22558,22652,22439,19124,16338,10399,7488,5983,6561,6362,6004,7283,6073,6614,5341,7669,6694,5674,6173,7029,7028,5348,6529,6945,6520,5791,7031,6492,5803,6747,7224,5756,5666,7585,6602,5137,5732,7612,3810,2901,3819,4522,-7291,-6815,-2756,1118,-10588,-10050,-9386,-10667,-16787,-16205,-16291,-19152,-20628,-19736,-21415,-21874,-15691,-13156,-4483,-13669,-25659,-24472,-25290,-27017,-26316,-27214,-26280,-23032,-7521,-7992,-8713,-1339,-7418,-7281,-8710,-7144,-1790,-2870,11747,16615,21232,21747,16081,27285,32667,21536,11297,12167,10998,12522,14204,17149,19551,26147,27945,24767,25603,25343,24649,18487,9980,8696,5670,6432,6668,6702,5640,6642,7436,5584,6060,6804,7348,5622,5948,7040,6862,5984,6321,6530,6587,6430,6308,6402,6302,7126,6104,6320,5895,6496,5981,6152,2705,2398,3541,2926,-12060,-12207,-8621,-3259,-17643,-17462,-15119,-15483,-26831,-24995,-25711,-25415,-29495,-27462,-29408,-29365,-23036,-23589,-22875,2410,-8386,-17430,-17853,-9022,-18525,-19755,-17876,-19015,-14195,-14919,-15372,-13867,-11893,-14129,-6793,-12199,3045,3413,5319,3798,21807,24913,25138,29891,29679,32000,45397,23775,17667,21601,20547,22850,31484,27585,26275,27590,27215,27353,25858,23359,15048,7049,6520,5369,7441,6684,6188,5897,6703,7102,5600,6805,6431,6530,6019,7097,6398,5452,7095,7087,6200,5334,7203,7237,5528,5817,7313,7064,5258,6380,7446,9166,4752,6641,7261,4183,1194,1211,-60,-161,-10175,-9980,-11925,-10902,-22614,-22029,-23470,-23045,-26254,-27193,-26376,-27362,-2793,-3726,-2687,-3115,1554,2246,1558,5109,-5388,-5137,-5057,-3837,2955,1366,3903,11445,5807,5497,7582,30601,21326,8510,8799,12646,51050,33120,23614,4678,26735,46552,37190,17426,10439,20644,17785,14398,20969,25411,24115,24005,25076,20019,16542,12794,7188,5224,6344,7874,5860,5756,6118,8282,5374,6042,6806,6858,6128,6139,7016,5779,7028,6242,6678,5774,6776,6982,6016,6334,6271,7106,6123,6362,5786,6978,11002,10191,10261,10065,8033,4912,-9542,-8456,-8952,-9635,-12504,-12331,-13127,-12931,-26247,-27897,-28056,-26787,-26271,-28071,-28554,-25677,-1569,-2382,-2341,-444,-3866,-4827,-2954,-3953,-13711,-14002,-11973,-13214,-10391,-7465,-8399,-7848,3960,14186,21757,21083,43734,40607,32405,13492,15371,13008,11194,11849,11441,11176,10996,13740,13314,14231,22804,33668,30314,28633,29629,29444,29360,23351,13125,10998,8063,6734,5773,6769,6504,6408,6529,6421,6252,6027,7443,6304,5756,6315,7657,6106,5362,6877,7311,6056,5541,7379,6466,5985,6591,6862,5908,6256,7111,6785,10473,13682,7686,8791,6036,6657,-7304,-10036,-9294,-9131,-18172,-19437,-18754,-18478,-22161,-20768,-21816,-20911,-8249,-6426,9084,6609,-19692,-24271,-21977,-24412,3949,1015,2550,1991,336,1602,3998,3507,-2396,-589,-947,-294,2061,6787,2157,872,10740,10236,8944,9235,22611,9171,5377,6413,13647,15172,9384,10812,14690,23164,17461,22052,26662,28184,29233,29856,26941,24525,20783,12998,9690,6018,8044,5788,5984,6816,6630,6216,6276,7088,5722,6426,6832,6954,5470,6366,7364,6272,5972,6265,7102,6267,6456,5960,6652,6976,6202,6242,6063,7395,10294,7788,5472,11765,8042,6489,-1842,-3738,-3306,-2440,-5879,-6000,-5885,-3738,-1147,-1218,533,234,811,59,2705,329,-2952,-2373,-2482,-3348,3236,5983,2961,5060,4372,5405,3423,3913,7783,6772,5892,9319,16525,9391,9111,10392,10995,31493,42279,41263,15180,9758,11214,11236,10472,10403,12528,14596,19005,17097,24858,32165,27540,27298,27927,27215,27832,21105,18215,10700,6684,6645,6487,6158,5620,7945,6139,6130,5759,7667,6348,5528,6667,6927,6712,5341,7445,6036,6276,6523,7127,5908,5628,7831,6315,5680,5819,8109,6226,5355,10670,12665,10562,9330,6013,3936,-10660,-10195,-10247,-10948,-8442,-7566,-7955,-9286,-12594,-12348,-12705,-13498,-2762,-1538,-2815,-2000,-6649,-5150,-5547,-6052,-13437,-13768,-12445,-14308,-16755,-17492,-16737,-16233,3468,4392,3087,6254,-192,-6740,-7439,-5648,6122,3567,4773,5438,11565,17381,9595,9959,34115,29330,12110,10813,9919,18302,24281,29805,24296,25802,25904,23688,22213,19970,14512,8488,6634,7116,5408,6874};
const int HouseAvg = 7040;
const Interval_t emptyInterval_t = {0,0};
const ConsumptionProfile_t emptyConsumptionProfile_t = {0, {0, 0, 0, 0, 0}};
const IntervalList_t emptyIntervalList_t = {0, {emptyInterval_t, emptyInterval_t, emptyInterval_t, emptyInterval_t, emptyInterval_t, emptyInterval_t, emptyInterval_t, emptyInterval_t, emptyInterval_t, emptyInterval_t, emptyInterval_t, emptyInterval_t, emptyInterval_t, emptyInterval_t, emptyInterval_t, emptyInterval_t, emptyInterval_t, emptyInterval_t, emptyInterval_t, emptyInterval_t, emptyInterval_t, emptyInterval_t, emptyInterval_t, emptyInterval_t, emptyInterval_t, emptyInterval_t, emptyInterval_t, emptyInterval_t, emptyInterval_t, emptyInterval_t, emptyInterval_t, emptyInterval_t, emptyInterval_t, emptyInterval_t, emptyInterval_t, emptyInterval_t, emptyInterval_t, emptyInterval_t}};
const TimeShiftable_t emptyTimeShiftable_t = {emptyConsumptionProfile_t, emptyIntervalList_t};
const Battery_t emptyBattery_t = {0, 0, 0};
const Interval_t h0d0listi0 = {35, 71};
const Interval_t h0d0listi1 = {149, 183};
const Interval_t h0d0listi2 = {288, 320};
const Interval_t h0d0listi3 = {348, 374};
const Interval_t h0d0listi4 = {706, 732};
const Interval_t h0d0listi5 = {822, 856};
const Interval_t h0d0listi6 = {959, 992};
const Interval_t h0d0listi7 = {1021, 1049};
const Interval_t h0d0listi8 = {1087, 1125};
const Interval_t h0d0listi9 = {1380, 1404};
const Interval_t h0d0listi10 = {1493, 1525};
const Interval_t h0d0listi11 = {1632, 1662};
const Interval_t h0d0listi12 = {1694, 1722};
const Interval_t h0d0listi13 = {2049, 2083};
const Interval_t h0d0listi14 = {2166, 2197};
const Interval_t h0d0listi15 = {2302, 2335};
const Interval_t h0d0listi16 = {2366, 2392};
const Interval_t h0d0listi17 = {2529, 2565};
const Interval_t h0d0listi18 = {2721, 2757};
const Interval_t h0d0listi19 = {2841, 2873};
const Interval_t h0d0listi20 = {2977, 3006};
const Interval_t h0d0listi21 = {3039, 3065};
const Interval_t h0d0listi22 = {3510, 3544};
const Interval_t h0d0listi23 = {3649, 3681};
const Interval_t h0d0listi24 = {3712, 3737};
const Interval_t h0d0listi25 = {4066, 4092};
const Interval_t h0d0listi26 = {4184, 4216};
const Interval_t h0d0listi27 = {4383, 4410};
const IntervalList_t h0d0list = {28, {h0d0listi0, h0d0listi1, h0d0listi2, h0d0listi3, h0d0listi4, h0d0listi5, h0d0listi6, h0d0listi7, h0d0listi8, h0d0listi9, h0d0listi10, h0d0listi11, h0d0listi12, h0d0listi13, h0d0listi14, h0d0listi15, h0d0listi16, h0d0listi17, h0d0listi18, h0d0listi19, h0d0listi20, h0d0listi21, h0d0listi22, h0d0listi23, h0d0listi24, h0d0listi25, h0d0listi26, h0d0listi27, emptyInterval_t, emptyInterval_t, emptyInterval_t, emptyInterval_t, emptyInterval_t, emptyInterval_t, emptyInterval_t, emptyInterval_t, emptyInterval_t, emptyInterval_t}};
const ConsumptionProfile_t h0d0cp = {5, {13595, 13705, 2249, 2506, 2454}};
const TimeShiftable_t h0d0 = {h0d0cp, h0d0list};
const IntervalList_t h0evlist = {0, {emptyInterval_t, emptyInterval_t, emptyInterval_t, emptyInterval_t, emptyInterval_t, emptyInterval_t, emptyInterval_t, emptyInterval_t, emptyInterval_t, emptyInterval_t, emptyInterval_t, emptyInterval_t, emptyInterval_t, emptyInterval_t, emptyInterval_t, emptyInterval_t, emptyInterval_t, emptyInterval_t, emptyInterval_t, emptyInterval_t, emptyInterval_t, emptyInterval_t, emptyInterval_t, emptyInterval_t, emptyInterval_t, emptyInterval_t, emptyInterval_t, emptyInterval_t, emptyInterval_t, emptyInterval_t, emptyInterval_t, emptyInterval_t, emptyInterval_t, emptyInterval_t, emptyInterval_t, emptyInterval_t, emptyInterval_t, emptyInterval_t}};
const ElectricalVehicle_t h0ev = {0, 0, {0,0,0,0,0,0,0,0,0,0,0,0,0,0,0,0,0,0,0,0,0,0,0,0,0,0,0,0,0,0,0,0,0,0,0,0,0,0}, {0,0,0,0,0,0,0,0,0,0,0,0,0,0,0,0,0,0,0,0,0,0,0,0,0,0,0,0,0,0,0,0,0,0,0,0,0,0}, h0evlist};
const House_t h0 = {1, {h0d0}, emptyBattery_t, h0ev};
const Interval_t h1d0listi0 = {34, 62};
const Interval_t h1d0listi1 = {178, 191};
const Interval_t h1d0listi2 = {264, 287};
const Interval_t h1d0listi3 = {417, 450};
const Interval_t h1d0listi4 = {562, 575};
const Interval_t h1d0listi5 = {706, 741};
const Interval_t h1d0listi6 = {851, 860};
const Interval_t h1d0listi7 = {934, 955};
const Interval_t h1d0listi8 = {1089, 1118};
const Interval_t h1d0listi9 = {1234, 1247};
const Interval_t h1d0listi10 = {1323, 1341};
const Interval_t h1d0listi11 = {1410, 1430};
const Interval_t h1d0listi12 = {1523, 1535};
const Interval_t h1d0listi13 = {1907, 1918};
const Interval_t h1d0listi14 = {1997, 2013};
const Interval_t h1d0listi15 = {2048, 2082};
const Interval_t h1d0listi16 = {2195, 2204};
const Interval_t h1d0listi17 = {2279, 2292};
const Interval_t h1d0listi18 = {2335, 2366};
const Interval_t h1d0listi19 = {2433, 2464};
const Interval_t h1d0listi20 = {2578, 2591};
const Interval_t h1d0listi21 = {2669, 2686};
const Interval_t h1d0listi22 = {2754, 2772};
const Interval_t h1d0listi23 = {2868, 2911};
const Interval_t h1d0listi24 = {3138, 3156};
const Interval_t h1d0listi25 = {3340, 3356};
const Interval_t h1d0listi26 = {3393, 3426};
const Interval_t h1d0listi27 = {3624, 3646};
const Interval_t h1d0listi28 = {3776, 3811};
const Interval_t h1d0listi29 = {3922, 3934};
const Interval_t h1d0listi30 = {4011, 4030};
const Interval_t h1d0listi31 = {4066, 4095};
const Interval_t h1d0listi32 = {4211, 4224};
const Interval_t h1d0listi33 = {4295, 4313};
const Interval_t h1d0listi34 = {4483, 4502};
const Interval_t h1d0listi35 = {4593, 4604};
const IntervalList_t h1d0list = {36, {h1d0listi0, h1d0listi1, h1d0listi2, h1d0listi3, h1d0listi4, h1d0listi5, h1d0listi6, h1d0listi7, h1d0listi8, h1d0listi9, h1d0listi10, h1d0listi11, h1d0listi12, h1d0listi13, h1d0listi14, h1d0listi15, h1d0listi16, h1d0listi17, h1d0listi18, h1d0listi19, h1d0listi20, h1d0listi21, h1d0listi22, h1d0listi23, h1d0listi24, h1d0listi25, h1d0listi26, h1d0listi27, h1d0listi28, h1d0listi29, h1d0listi30, h1d0listi31, h1d0listi32, h1d0listi33, h1d0listi34, h1d0listi35, emptyInterval_t, emptyInterval_t}};
const ConsumptionProfile_t h1d0cp = {5, {13595, 13705, 2249, 2506, 2454}};
const TimeShiftable_t h1d0 = {h1d0cp, h1d0list};
const IntervalList_t h1evlist = {0, {emptyInterval_t, emptyInterval_t, emptyInterval_t, emptyInterval_t, emptyInterval_t, emptyInterval_t, emptyInterval_t, emptyInterval_t, emptyInterval_t, emptyInterval_t, emptyInterval_t, emptyInterval_t, emptyInterval_t, emptyInterval_t, emptyInterval_t, emptyInterval_t, emptyInterval_t, emptyInterval_t, emptyInterval_t, emptyInterval_t, emptyInterval_t, emptyInterval_t, emptyInterval_t, emptyInterval_t, emptyInterval_t, emptyInterval_t, emptyInterval_t, emptyInterval_t, emptyInterval_t, emptyInterval_t, emptyInterval_t, emptyInterval_t, emptyInterval_t, emptyInterval_t, emptyInterval_t, emptyInterval_t, emptyInterval_t, emptyInterval_t}};
const ElectricalVehicle_t h1ev = {0, 0, {0,0,0,0,0,0,0,0,0,0,0,0,0,0,0,0,0,0,0,0,0,0,0,0,0,0,0,0,0,0,0,0,0,0,0,0,0,0}, {0,0,0,0,0,0,0,0,0,0,0,0,0,0,0,0,0,0,0,0,0,0,0,0,0,0,0,0,0,0,0,0,0,0,0,0,0,0}, h1evlist};
const House_t h1 = {1, {h1d0}, emptyBattery_t, h1ev};
const Interval_t h2d0listi0 = {82, 92};
const Interval_t h2d0listi1 = {149, 182};
const Interval_t h2d0listi2 = {247, 281};
const Interval_t h2d0listi3 = {362, 384};
const Interval_t h2d0listi4 = {470, 511};
const Interval_t h2d0listi5 = {515, 551};
const Interval_t h2d0listi6 = {651, 669};
const Interval_t h2d0listi7 = {756, 801};
const Interval_t h2d0listi8 = {818, 856};
const Interval_t h2d0listi9 = {920, 955};
const Interval_t h2d0listi10 = {1036, 1054};
const Interval_t h2d0listi11 = {1143, 1185};
const Interval_t h2d0listi12 = {1325, 1340};
const Interval_t h2d0listi13 = {1428, 1470};
const Interval_t h2d0listi14 = {1490, 1524};
const Interval_t h2d0listi15 = {1595, 1620};
const Interval_t h2d0listi16 = {1816, 1856};
const Interval_t h2d0listi17 = {1998, 2012};
const Interval_t h2d0listi18 = {2099, 2108};
const Interval_t h2d0listi19 = {2164, 2197};
const Interval_t h2d0listi20 = {2265, 2292};
const Interval_t h2d0listi21 = {2381, 2396};
const Interval_t h2d0listi22 = {2487, 2527};
const Interval_t h2d0listi23 = {2670, 2685};
const Interval_t h2d0listi24 = {2771, 2781};
const Interval_t h2d0listi25 = {2834, 2868};
const Interval_t h2d0listi26 = {2936, 2968};
const Interval_t h2d0listi27 = {3053, 3071};
const Interval_t h2d0listi28 = {3158, 3199};
const Interval_t h2d0listi29 = {3341, 3356};
const Interval_t h2d0listi30 = {3442, 3454};
const Interval_t h2d0listi31 = {3610, 3639};
const Interval_t h2d0listi32 = {3724, 3740};
const Interval_t h2d0listi33 = {3830, 3870};
const Interval_t h2d0listi34 = {4116, 4158};
const Interval_t h2d0listi35 = {4177, 4214};
const Interval_t h2d0listi36 = {4283, 4308};
const Interval_t h2d0listi37 = {4502, 4544};
const IntervalList_t h2d0list = {38, {h2d0listi0, h2d0listi1, h2d0listi2, h2d0listi3, h2d0listi4, h2d0listi5, h2d0listi6, h2d0listi7, h2d0listi8, h2d0listi9, h2d0listi10, h2d0listi11, h2d0listi12, h2d0listi13, h2d0listi14, h2d0listi15, h2d0listi16, h2d0listi17, h2d0listi18, h2d0listi19, h2d0listi20, h2d0listi21, h2d0listi22, h2d0listi23, h2d0listi24, h2d0listi25, h2d0listi26, h2d0listi27, h2d0listi28, h2d0listi29, h2d0listi30, h2d0listi31, h2d0listi32, h2d0listi33, h2d0listi34, h2d0listi35, h2d0listi36, h2d0listi37}};
const ConsumptionProfile_t h2d0cp = {5, {13595, 13705, 2249, 2506, 2454}};
const TimeShiftable_t h2d0 = {h2d0cp, h2d0list};
const Interval_t h2evlisti0 = {68, 127};
const Interval_t h2evlisti1 = {356, 415};
const Interval_t h2evlisti2 = {452, 511};
const Interval_t h2evlisti3 = {561, 607};
const Interval_t h2evlisti4 = {644, 703};
const Interval_t h2evlisti5 = {740, 799};
const Interval_t h2evlisti6 = {1028, 1087};
const Interval_t h2evlisti7 = {1124, 1183};
const Interval_t h2evlisti8 = {1219, 1279};
const Interval_t h2evlisti9 = {1316, 1375};
const Interval_t h2evlisti10 = {1412, 1495};
const Interval_t h2evlisti11 = {1516, 1567};
const Interval_t h2evlisti12 = {1701, 1759};
const Interval_t h2evlisti13 = {1806, 1855};
const Interval_t h2evlisti14 = {1893, 1951};
const Interval_t h2evlisti15 = {1988, 2047};
const Interval_t h2evlisti16 = {2084, 2270};
const Interval_t h2evlisti17 = {2290, 2335};
const Interval_t h2evlisti18 = {2373, 2431};
const Interval_t h2evlisti19 = {2480, 2527};
const Interval_t h2evlisti20 = {2565, 2623};
const Interval_t h2evlisti21 = {2661, 2719};
const Interval_t h2evlisti22 = {2757, 2815};
const Interval_t h2evlisti23 = {3044, 3103};
const Interval_t h2evlisti24 = {3140, 3199};
const Interval_t h2evlisti25 = {3236, 3295};
const Interval_t h2evlisti26 = {3343, 3391};
const Interval_t h2evlisti27 = {3438, 3487};
const Interval_t h2evlisti28 = {3716, 3775};
const Interval_t h2evlisti29 = {3812, 3871};
const Interval_t h2evlisti30 = {3908, 3967};
const Interval_t h2evlisti31 = {4004, 4063};
const Interval_t h2evlisti32 = {4099, 4159};
const Interval_t h2evlisti33 = {4388, 4447};
const Interval_t h2evlisti34 = {4484, 4543};
const IntervalList_t h2evlist = {35, {h2evlisti0, h2evlisti1, h2evlisti2, h2evlisti3, h2evlisti4, h2evlisti5, h2evlisti6, h2evlisti7, h2evlisti8, h2evlisti9, h2evlisti10, h2evlisti11, h2evlisti12, h2evlisti13, h2evlisti14, h2evlisti15, h2evlisti16, h2evlisti17, h2evlisti18, h2evlisti19, h2evlisti20, h2evlisti21, h2evlisti22, h2evlisti23, h2evlisti24, h2evlisti25, h2evlisti26, h2evlisti27, h2evlisti28, h2evlisti29, h2evlisti30, h2evlisti31, h2evlisti32, h2evlisti33, h2evlisti34, emptyInterval_t, emptyInterval_t, emptyInterval_t}};
const ElectricalVehicle_t h2ev = {55500, 12000, {10010,10008,8341,12000,10012,10014,8354,10029,10035,8367,10047,12000,10070,12000,10088,8415,10108,12000,8452,12000,8474,8485,10197,10243,10259,8564,12000,10312,10369,10388,8674,10430,10451,8765,8784,10588,0,0}, {1169,1169,584,750,584,1169,1754,1169,575,1169,1663,2030,595,704,595,1169,927,3067,1190,734,1190,1190,1785,1169,1169,0,1437,704,1169,584,584,584,575,584,1169,0,0,0}, h2evlist};
const House_t h2 = {1, {h2d0}, emptyBattery_t, h2ev};
const House_t houses[house_t] = {h0, h1, h2};
Int24_t getHouseCost(int offset) {
    return HouseBases[intTime+offset]+HouseDynamicCosts+HouseBatteryCosts;
}