0:0,15578520,15580920,15581580,15633660,15670140,15720600,15755340,15780120,15792420,15806700,15836700,15893280,15921720,15926340,15954900,15978240
1:0,15576840,15579720,15580380,15634680,15668220,15720840,15755880,15807540,15834600,15838860,15869160,15892260,15922740,15979320
2:0,15576360,15581220,15603480,15634800,15669660,15720660,15756300,15806760,15835980,15840360,15863580,15893640,15922080,15925140,15925860,15979740
3:0,15579360,15603660,15622800,15633720,15668760,15710580,15719400,15720120,15754320,15777180,15789780,15805620,15836940,15892080,15924240,15950460,15962880,15979140
4:0,15579600,15630420,15668460,15716220,15754980,15805980,15838740,15889500,15923820,15961320,15964740,15976320
5:0,15575640,15582120,15603480,15634020,15670680,15722160,15757320,15808320,15833940,15840540,15862440,15892860,15921120,15927600,15950340,15979260
6:0,15578820,15625500,15628860,15634200,15666900,15715380,15755220,15801420,15836820,15887820,15888240,15892800,15923580,15974760
7:0,15579240,15580740,15612480,15635340,15673200,15678420,15702420,15720540,15760500,15781920,15788580,15807300,15842340,15894000,15924360,15926580,15957540,15963600,15970320,15980280
8:0,15576960,15602580,15604140,15634020,15668820,15721920,15755040,15775140,15778800,15781680,15794460,15808200,15835260,15840240,15864480,15892200,15921060,15981720
9:0,15577800,15582540,15605760,15636000,15670680,15722100,15756780,15778800,15790320,15807720,15836580,15840360,15842520,15894660,15922380,15928200,15952320,15980520
10:0,15576600,15579060,15579300,15583140,15584520,15623280,15625320,15634980,15671520,15687240,15699180,15721800,15759000,15807720,15835500,15839100,15839280,15841860,15864000,15891840,15921720,15925080,15925560,15927960,15950820,15978480
11:0,15575640,15580260,15581280,15635280,15671580,15721800,15757440,15807900,15835620,15839280,15845760,15893640,15921720,15926520,15930960,15980760
12:0,15576840,15579120,15580380,15631200,15634980,15636120,15670740,15694740,15701280,15722580,15757860,15807960,15834780,15837720,15867960,15890340,15925920,15981780
13:0,15576420,15583680,15603780,15635760,15667260,15721440,15753420,15808320,15836220,15842820,15863820,15895380,15922020,15927240,15928140,15981180
14:0,15576960,15580920,15603720,15635640,15669960,15721260,15756720,15779760,15793620,15807900,15836100,15839940,15862920,15894360,15922080,15926580,15949860,15980760
15:0,15576480,15580920,15609660,15634860,15667980,15720840,15756000,15807240,15835500,15840120,15868320,15893820,15922500,15925740,15954660,15979260
16:0,15578220,15581460,15609720,15635640,15665760,15720360,15750720,15806580,15837300,15840240,15869400,15893580,15923220,15926520,15956100,15980880
17:0,15574500,15577800,15608280,15616560,15620520,15630060,15674760,15722280,15762000,15768180,15773880,15809160,15834300,15836460,15866580,15890220,15920220,15923520,15953040,15975240
18:0,15577200,15580020,15609600,15632040,15671640,15703080,15708960,15721260,15757440,15774840,15781440,15807540,15835980,15839100,15868620,15877440,15883380,15890400,15922740,15925860,15955680,15977880
19:0,15576540,15579660,15582840,15635520,15670800,15722220,15755580,15808200,15835860,15842280,15865020,15894180,15922560,15926400,15927300,15980340
20:0,15582240,15585180,15614820,15636900,15668880,15690840,15697320,15721680,15755520,15776400,15792600,15808320,15841200,15844260,15875280,15883860,15889380,15896160,15927600,15930840,15960900,15982680
21:0,15578700,15582420,15607260,15635520,15667020,15720120,15753240,15806880,15837600,15841080,15865080,15895020,15924480,15927900,15951540,15981120
22:0,15574980,15579180,15579420,15584760,15605040,15636900,15669360,15721800,15755820,15808560,15833040,15838440,15839760,15892860,15920280,15925980,15926640,15929400,15949740,15981240
23:0,15575700,15580500,15603300,15633660,15667860,15721260,15756480,15808020,15834660,15839160,15842940,15895020,15921000,15980520
24:0,15577620,15582240,15606900,15635520,15671580,15685500,15699840,15721140,15759480,15781020,15793320,15807660,15837120,15840840,15866160,15894120,15923040,15926040,15931320,15967980,15968220,15980760
25:0,15576060,15581040,15604740,15634680,15670200,15721740,15757320,15808140,15835140,15840540,15844140,15893760,15922320,15926640,15950760,15980040
26:0,15576240,15578700,15580440,15583560,15608400,15637380,15669840,15721980,15756480,15777240,15781320,15781620,15794460,15807660,15835680,15838740,15839880,15842820,15869040,15897120,15926520,15980700
27:0,15575460,15577800,15578820,15582240,15603000,15635640,15670020,15702000,15704280,15721680,15757560,15807960,15834720,15837240,15840120,15894420,15921240,15924120,15925020,15927120,15947820,15981960
28:0,15577320,15579780,15610380,15621660,15627000,15633240,15667860,15695580,15702900,15721080,15755160,15775920,15796740,15807540,15836520,15840060,15869280,15893940,15922560,15925980,15955500,15979800
29:0,15578700,15632040,15668340,15672300,15673500,15693660,15697020,15718800,15753780,15771240,15777420,15805320,15837900,15891360,15922920,15927900,15928800,15978120
